AFD,16
0,0,-1
0,1,-1
0,2,-1
0,3,-1
0,4,-1
0,5,-1
0,6,-1
0,7,-1
0,8,-1
0,9,-1
0,10,-1
0,11,-1
0,12,-1
0,13,-1
0,14,-1
0,15,-1
0,16,-1
0,17,-1
0,18,-1
0,19,-1
0,20,-1
0,21,-1
0,22,-1
0,23,-1
0,24,-1
0,25,-1
0,26,-1
0,27,-1
0,28,-1
0,29,-1
0,30,-1
0,31,-1
0,32,10
0,33,-1
0,34,-1
0,35,-1
0,36,-1
0,37,-1
0,38,-1
0,39,-1
0,40,8
0,41,9
0,42,6
0,43,4
0,44,-1
0,45,5
0,46,-1
0,47,7
0,48,3
0,49,3
0,50,3
0,51,3
0,52,3
0,53,3
0,54,3
0,55,3
0,56,3
0,57,3
0,58,-1
0,59,-1
0,60,-1
0,61,-1
0,62,-1
0,63,-1
0,64,-1
0,65,2
0,66,2
0,67,2
0,68,2
0,69,2
0,70,2
0,71,2
0,72,2
0,73,2
0,74,2
0,75,2
0,76,2
0,77,2
0,78,2
0,79,2
0,80,2
0,81,2
0,82,2
0,83,2
0,84,2
0,85,2
0,86,2
0,87,2
0,88,2
0,89,2
0,90,2
0,91,-1
0,92,-1
0,93,-1
0,94,-1
0,95,-1
0,96,-1
0,97,1
0,98,1
0,99,1
0,100,1
0,101,1
0,102,1
0,103,1
0,104,1
0,105,1
0,106,1
0,107,1
0,108,1
0,109,1
0,110,1
0,111,1
0,112,1
0,113,1
0,114,1
0,115,1
0,116,1
0,117,1
0,118,1
0,119,1
0,120,1
0,121,1
0,122,1
0,123,-1
0,124,-1
0,125,-1
0,126,-1
0,127,-1
0,128,-1
0,129,-1
0,130,-1
0,131,-1
0,132,-1
0,133,-1
0,134,-1
0,135,-1
0,136,-1
0,137,-1
0,138,-1
0,139,-1
0,140,-1
0,141,-1
0,142,-1
0,143,-1
0,144,-1
0,145,-1
0,146,-1
0,147,-1
0,148,-1
0,149,-1
0,150,-1
0,151,-1
0,152,-1
0,153,-1
0,154,-1
0,155,-1
0,156,-1
0,157,-1
0,158,-1
0,159,-1
0,160,-1
0,161,-1
0,162,-1
0,163,-1
0,164,-1
0,165,-1
0,166,-1
0,167,-1
0,168,-1
0,169,-1
0,170,-1
0,171,-1
0,172,-1
0,173,-1
0,174,-1
0,175,-1
0,176,-1
0,177,-1
0,178,-1
0,179,-1
0,180,-1
0,181,-1
0,182,-1
0,183,-1
0,184,-1
0,185,-1
0,186,-1
0,187,-1
0,188,-1
0,189,-1
0,190,-1
0,191,-1
0,192,-1
0,193,-1
0,194,-1
0,195,-1
0,196,-1
0,197,-1
0,198,-1
0,199,-1
0,200,-1
0,201,-1
0,202,-1
0,203,-1
0,204,-1
0,205,-1
0,206,-1
0,207,-1
0,208,-1
0,209,-1
0,210,-1
0,211,-1
0,212,-1
0,213,-1
0,214,-1
0,215,-1
0,216,-1
0,217,-1
0,218,-1
0,219,-1
0,220,-1
0,221,-1
0,222,-1
0,223,-1
0,224,-1
0,225,-1
0,226,-1
0,227,-1
0,228,-1
0,229,-1
0,230,-1
0,231,-1
0,232,-1
0,233,-1
0,234,-1
0,235,-1
0,236,-1
0,237,-1
0,238,-1
0,239,-1
0,240,-1
0,241,-1
0,242,-1
0,243,-1
0,244,-1
0,245,-1
0,246,-1
0,247,-1
0,248,-1
0,249,-1
0,250,-1
0,251,-1
0,252,-1
0,253,-1
0,254,-1
0,255,-1
0,256,0
1,0,-1
1,1,-1
1,2,-1
1,3,-1
1,4,-1
1,5,-1
1,6,-1
1,7,-1
1,8,-1
1,9,-1
1,10,-1
1,11,-1
1,12,-1
1,13,-1
1,14,-1
1,15,-1
1,16,-1
1,17,-1
1,18,-1
1,19,-1
1,20,-1
1,21,-1
1,22,-1
1,23,-1
1,24,-1
1,25,-1
1,26,-1
1,27,-1
1,28,-1
1,29,-1
1,30,-1
1,31,-1
1,32,-1
1,33,-1
1,34,-1
1,35,-1
1,36,-1
1,37,-1
1,38,-1
1,39,-1
1,40,-1
1,41,-1
1,42,-1
1,43,-1
1,44,-1
1,45,-1
1,46,-1
1,47,-1
1,48,13
1,49,13
1,50,13
1,51,13
1,52,13
1,53,13
1,54,13
1,55,13
1,56,13
1,57,13
1,58,-1
1,59,-1
1,60,-1
1,61,-1
1,62,-1
1,63,-1
1,64,-1
1,65,12
1,66,12
1,67,12
1,68,12
1,69,12
1,70,12
1,71,12
1,72,12
1,73,12
1,74,12
1,75,12
1,76,12
1,77,12
1,78,12
1,79,12
1,80,12
1,81,12
1,82,12
1,83,12
1,84,12
1,85,12
1,86,12
1,87,12
1,88,12
1,89,12
1,90,12
1,91,-1
1,92,-1
1,93,-1
1,94,-1
1,95,-1
1,96,-1
1,97,11
1,98,11
1,99,11
1,100,11
1,101,11
1,102,11
1,103,11
1,104,11
1,105,11
1,106,11
1,107,11
1,108,11
1,109,11
1,110,11
1,111,11
1,112,11
1,113,11
1,114,11
1,115,11
1,116,11
1,117,11
1,118,11
1,119,11
1,120,11
1,121,11
1,122,11
1,123,-1
1,124,-1
1,125,-1
1,126,-1
1,127,-1
1,128,-1
1,129,-1
1,130,-1
1,131,-1
1,132,-1
1,133,-1
1,134,-1
1,135,-1
1,136,-1
1,137,-1
1,138,-1
1,139,-1
1,140,-1
1,141,-1
1,142,-1
1,143,-1
1,144,-1
1,145,-1
1,146,-1
1,147,-1
1,148,-1
1,149,-1
1,150,-1
1,151,-1
1,152,-1
1,153,-1
1,154,-1
1,155,-1
1,156,-1
1,157,-1
1,158,-1
1,159,-1
1,160,-1
1,161,-1
1,162,-1
1,163,-1
1,164,-1
1,165,-1
1,166,-1
1,167,-1
1,168,-1
1,169,-1
1,170,-1
1,171,-1
1,172,-1
1,173,-1
1,174,-1
1,175,-1
1,176,-1
1,177,-1
1,178,-1
1,179,-1
1,180,-1
1,181,-1
1,182,-1
1,183,-1
1,184,-1
1,185,-1
1,186,-1
1,187,-1
1,188,-1
1,189,-1
1,190,-1
1,191,-1
1,192,-1
1,193,-1
1,194,-1
1,195,-1
1,196,-1
1,197,-1
1,198,-1
1,199,-1
1,200,-1
1,201,-1
1,202,-1
1,203,-1
1,204,-1
1,205,-1
1,206,-1
1,207,-1
1,208,-1
1,209,-1
1,210,-1
1,211,-1
1,212,-1
1,213,-1
1,214,-1
1,215,-1
1,216,-1
1,217,-1
1,218,-1
1,219,-1
1,220,-1
1,221,-1
1,222,-1
1,223,-1
1,224,-1
1,225,-1
1,226,-1
1,227,-1
1,228,-1
1,229,-1
1,230,-1
1,231,-1
1,232,-1
1,233,-1
1,234,-1
1,235,-1
1,236,-1
1,237,-1
1,238,-1
1,239,-1
1,240,-1
1,241,-1
1,242,-1
1,243,-1
1,244,-1
1,245,-1
1,246,-1
1,247,-1
1,248,-1
1,249,-1
1,250,-1
1,251,-1
1,252,-1
1,253,-1
1,254,-1
1,255,-1
1,256,10
2,0,-1
2,1,-1
2,2,-1
2,3,-1
2,4,-1
2,5,-1
2,6,-1
2,7,-1
2,8,-1
2,9,-1
2,10,-1
2,11,-1
2,12,-1
2,13,-1
2,14,-1
2,15,-1
2,16,-1
2,17,-1
2,18,-1
2,19,-1
2,20,-1
2,21,-1
2,22,-1
2,23,-1
2,24,-1
2,25,-1
2,26,-1
2,27,-1
2,28,-1
2,29,-1
2,30,-1
2,31,-1
2,32,-1
2,33,-1
2,34,-1
2,35,-1
2,36,-1
2,37,-1
2,38,-1
2,39,-1
2,40,-1
2,41,-1
2,42,-1
2,43,-1
2,44,-1
2,45,-1
2,46,-1
2,47,-1
2,48,13
2,49,13
2,50,13
2,51,13
2,52,13
2,53,13
2,54,13
2,55,13
2,56,13
2,57,13
2,58,-1
2,59,-1
2,60,-1
2,61,-1
2,62,-1
2,63,-1
2,64,-1
2,65,12
2,66,12
2,67,12
2,68,12
2,69,12
2,70,12
2,71,12
2,72,12
2,73,12
2,74,12
2,75,12
2,76,12
2,77,12
2,78,12
2,79,12
2,80,12
2,81,12
2,82,12
2,83,12
2,84,12
2,85,12
2,86,12
2,87,12
2,88,12
2,89,12
2,90,12
2,91,-1
2,92,-1
2,93,-1
2,94,-1
2,95,-1
2,96,-1
2,97,11
2,98,11
2,99,11
2,100,11
2,101,11
2,102,11
2,103,11
2,104,11
2,105,11
2,106,11
2,107,11
2,108,11
2,109,11
2,110,11
2,111,11
2,112,11
2,113,11
2,114,11
2,115,11
2,116,11
2,117,11
2,118,11
2,119,11
2,120,11
2,121,11
2,122,11
2,123,-1
2,124,-1
2,125,-1
2,126,-1
2,127,-1
2,128,-1
2,129,-1
2,130,-1
2,131,-1
2,132,-1
2,133,-1
2,134,-1
2,135,-1
2,136,-1
2,137,-1
2,138,-1
2,139,-1
2,140,-1
2,141,-1
2,142,-1
2,143,-1
2,144,-1
2,145,-1
2,146,-1
2,147,-1
2,148,-1
2,149,-1
2,150,-1
2,151,-1
2,152,-1
2,153,-1
2,154,-1
2,155,-1
2,156,-1
2,157,-1
2,158,-1
2,159,-1
2,160,-1
2,161,-1
2,162,-1
2,163,-1
2,164,-1
2,165,-1
2,166,-1
2,167,-1
2,168,-1
2,169,-1
2,170,-1
2,171,-1
2,172,-1
2,173,-1
2,174,-1
2,175,-1
2,176,-1
2,177,-1
2,178,-1
2,179,-1
2,180,-1
2,181,-1
2,182,-1
2,183,-1
2,184,-1
2,185,-1
2,186,-1
2,187,-1
2,188,-1
2,189,-1
2,190,-1
2,191,-1
2,192,-1
2,193,-1
2,194,-1
2,195,-1
2,196,-1
2,197,-1
2,198,-1
2,199,-1
2,200,-1
2,201,-1
2,202,-1
2,203,-1
2,204,-1
2,205,-1
2,206,-1
2,207,-1
2,208,-1
2,209,-1
2,210,-1
2,211,-1
2,212,-1
2,213,-1
2,214,-1
2,215,-1
2,216,-1
2,217,-1
2,218,-1
2,219,-1
2,220,-1
2,221,-1
2,222,-1
2,223,-1
2,224,-1
2,225,-1
2,226,-1
2,227,-1
2,228,-1
2,229,-1
2,230,-1
2,231,-1
2,232,-1
2,233,-1
2,234,-1
2,235,-1
2,236,-1
2,237,-1
2,238,-1
2,239,-1
2,240,-1
2,241,-1
2,242,-1
2,243,-1
2,244,-1
2,245,-1
2,246,-1
2,247,-1
2,248,-1
2,249,-1
2,250,-1
2,251,-1
2,252,-1
2,253,-1
2,254,-1
2,255,-1
2,256,10
3,0,-1
3,1,-1
3,2,-1
3,3,-1
3,4,-1
3,5,-1
3,6,-1
3,7,-1
3,8,-1
3,9,-1
3,10,-1
3,11,-1
3,12,-1
3,13,-1
3,14,-1
3,15,-1
3,16,-1
3,17,-1
3,18,-1
3,19,-1
3,20,-1
3,21,-1
3,22,-1
3,23,-1
3,24,-1
3,25,-1
3,26,-1
3,27,-1
3,28,-1
3,29,-1
3,30,-1
3,31,-1
3,32,-1
3,33,-1
3,34,-1
3,35,-1
3,36,-1
3,37,-1
3,38,-1
3,39,-1
3,40,-1
3,41,-1
3,42,-1
3,43,-1
3,44,-1
3,45,-1
3,46,14
3,47,-1
3,48,-1
3,49,-1
3,50,-1
3,51,-1
3,52,-1
3,53,-1
3,54,-1
3,55,-1
3,56,-1
3,57,-1
3,58,-1
3,59,-1
3,60,-1
3,61,-1
3,62,-1
3,63,-1
3,64,-1
3,65,-1
3,66,-1
3,67,-1
3,68,-1
3,69,-1
3,70,-1
3,71,-1
3,72,-1
3,73,-1
3,74,-1
3,75,-1
3,76,-1
3,77,-1
3,78,-1
3,79,-1
3,80,-1
3,81,-1
3,82,-1
3,83,-1
3,84,-1
3,85,-1
3,86,-1
3,87,-1
3,88,-1
3,89,-1
3,90,-1
3,91,-1
3,92,-1
3,93,-1
3,94,-1
3,95,-1
3,96,-1
3,97,-1
3,98,-1
3,99,-1
3,100,-1
3,101,-1
3,102,-1
3,103,-1
3,104,-1
3,105,-1
3,106,-1
3,107,-1
3,108,-1
3,109,-1
3,110,-1
3,111,-1
3,112,-1
3,113,-1
3,114,-1
3,115,-1
3,116,-1
3,117,-1
3,118,-1
3,119,-1
3,120,-1
3,121,-1
3,122,-1
3,123,-1
3,124,-1
3,125,-1
3,126,-1
3,127,-1
3,128,-1
3,129,-1
3,130,-1
3,131,-1
3,132,-1
3,133,-1
3,134,-1
3,135,-1
3,136,-1
3,137,-1
3,138,-1
3,139,-1
3,140,-1
3,141,-1
3,142,-1
3,143,-1
3,144,-1
3,145,-1
3,146,-1
3,147,-1
3,148,-1
3,149,-1
3,150,-1
3,151,-1
3,152,-1
3,153,-1
3,154,-1
3,155,-1
3,156,-1
3,157,-1
3,158,-1
3,159,-1
3,160,-1
3,161,-1
3,162,-1
3,163,-1
3,164,-1
3,165,-1
3,166,-1
3,167,-1
3,168,-1
3,169,-1
3,170,-1
3,171,-1
3,172,-1
3,173,-1
3,174,-1
3,175,-1
3,176,-1
3,177,-1
3,178,-1
3,179,-1
3,180,-1
3,181,-1
3,182,-1
3,183,-1
3,184,-1
3,185,-1
3,186,-1
3,187,-1
3,188,-1
3,189,-1
3,190,-1
3,191,-1
3,192,-1
3,193,-1
3,194,-1
3,195,-1
3,196,-1
3,197,-1
3,198,-1
3,199,-1
3,200,-1
3,201,-1
3,202,-1
3,203,-1
3,204,-1
3,205,-1
3,206,-1
3,207,-1
3,208,-1
3,209,-1
3,210,-1
3,211,-1
3,212,-1
3,213,-1
3,214,-1
3,215,-1
3,216,-1
3,217,-1
3,218,-1
3,219,-1
3,220,-1
3,221,-1
3,222,-1
3,223,-1
3,224,-1
3,225,-1
3,226,-1
3,227,-1
3,228,-1
3,229,-1
3,230,-1
3,231,-1
3,232,-1
3,233,-1
3,234,-1
3,235,-1
3,236,-1
3,237,-1
3,238,-1
3,239,-1
3,240,-1
3,241,-1
3,242,-1
3,243,-1
3,244,-1
3,245,-1
3,246,-1
3,247,-1
3,248,-1
3,249,-1
3,250,-1
3,251,-1
3,252,-1
3,253,-1
3,254,-1
3,255,-1
3,256,20
4,0,-1
4,1,-1
4,2,-1
4,3,-1
4,4,-1
4,5,-1
4,6,-1
4,7,-1
4,8,-1
4,9,-1
4,10,-1
4,11,-1
4,12,-1
4,13,-1
4,14,-1
4,15,-1
4,16,-1
4,17,-1
4,18,-1
4,19,-1
4,20,-1
4,21,-1
4,22,-1
4,23,-1
4,24,-1
4,25,-1
4,26,-1
4,27,-1
4,28,-1
4,29,-1
4,30,-1
4,31,-1
4,32,-1
4,33,-1
4,34,-1
4,35,-1
4,36,-1
4,37,-1
4,38,-1
4,39,-1
4,40,-1
4,41,-1
4,42,-1
4,43,-1
4,44,-1
4,45,-1
4,46,-1
4,47,-1
4,48,-1
4,49,-1
4,50,-1
4,51,-1
4,52,-1
4,53,-1
4,54,-1
4,55,-1
4,56,-1
4,57,-1
4,58,-1
4,59,-1
4,60,-1
4,61,-1
4,62,-1
4,63,-1
4,64,-1
4,65,-1
4,66,-1
4,67,-1
4,68,-1
4,69,-1
4,70,-1
4,71,-1
4,72,-1
4,73,-1
4,74,-1
4,75,-1
4,76,-1
4,77,-1
4,78,-1
4,79,-1
4,80,-1
4,81,-1
4,82,-1
4,83,-1
4,84,-1
4,85,-1
4,86,-1
4,87,-1
4,88,-1
4,89,-1
4,90,-1
4,91,-1
4,92,-1
4,93,-1
4,94,-1
4,95,-1
4,96,-1
4,97,-1
4,98,-1
4,99,-1
4,100,-1
4,101,-1
4,102,-1
4,103,-1
4,104,-1
4,105,-1
4,106,-1
4,107,-1
4,108,-1
4,109,-1
4,110,-1
4,111,-1
4,112,-1
4,113,-1
4,114,-1
4,115,-1
4,116,-1
4,117,-1
4,118,-1
4,119,-1
4,120,-1
4,121,-1
4,122,-1
4,123,-1
4,124,-1
4,125,-1
4,126,-1
4,127,-1
4,128,-1
4,129,-1
4,130,-1
4,131,-1
4,132,-1
4,133,-1
4,134,-1
4,135,-1
4,136,-1
4,137,-1
4,138,-1
4,139,-1
4,140,-1
4,141,-1
4,142,-1
4,143,-1
4,144,-1
4,145,-1
4,146,-1
4,147,-1
4,148,-1
4,149,-1
4,150,-1
4,151,-1
4,152,-1
4,153,-1
4,154,-1
4,155,-1
4,156,-1
4,157,-1
4,158,-1
4,159,-1
4,160,-1
4,161,-1
4,162,-1
4,163,-1
4,164,-1
4,165,-1
4,166,-1
4,167,-1
4,168,-1
4,169,-1
4,170,-1
4,171,-1
4,172,-1
4,173,-1
4,174,-1
4,175,-1
4,176,-1
4,177,-1
4,178,-1
4,179,-1
4,180,-1
4,181,-1
4,182,-1
4,183,-1
4,184,-1
4,185,-1
4,186,-1
4,187,-1
4,188,-1
4,189,-1
4,190,-1
4,191,-1
4,192,-1
4,193,-1
4,194,-1
4,195,-1
4,196,-1
4,197,-1
4,198,-1
4,199,-1
4,200,-1
4,201,-1
4,202,-1
4,203,-1
4,204,-1
4,205,-1
4,206,-1
4,207,-1
4,208,-1
4,209,-1
4,210,-1
4,211,-1
4,212,-1
4,213,-1
4,214,-1
4,215,-1
4,216,-1
4,217,-1
4,218,-1
4,219,-1
4,220,-1
4,221,-1
4,222,-1
4,223,-1
4,224,-1
4,225,-1
4,226,-1
4,227,-1
4,228,-1
4,229,-1
4,230,-1
4,231,-1
4,232,-1
4,233,-1
4,234,-1
4,235,-1
4,236,-1
4,237,-1
4,238,-1
4,239,-1
4,240,-1
4,241,-1
4,242,-1
4,243,-1
4,244,-1
4,245,-1
4,246,-1
4,247,-1
4,248,-1
4,249,-1
4,250,-1
4,251,-1
4,252,-1
4,253,-1
4,254,-1
4,255,-1
4,256,30
5,0,-1
5,1,-1
5,2,-1
5,3,-1
5,4,-1
5,5,-1
5,6,-1
5,7,-1
5,8,-1
5,9,-1
5,10,-1
5,11,-1
5,12,-1
5,13,-1
5,14,-1
5,15,-1
5,16,-1
5,17,-1
5,18,-1
5,19,-1
5,20,-1
5,21,-1
5,22,-1
5,23,-1
5,24,-1
5,25,-1
5,26,-1
5,27,-1
5,28,-1
5,29,-1
5,30,-1
5,31,-1
5,32,-1
5,33,-1
5,34,-1
5,35,-1
5,36,-1
5,37,-1
5,38,-1
5,39,-1
5,40,-1
5,41,-1
5,42,-1
5,43,-1
5,44,-1
5,45,-1
5,46,-1
5,47,-1
5,48,-1
5,49,-1
5,50,-1
5,51,-1
5,52,-1
5,53,-1
5,54,-1
5,55,-1
5,56,-1
5,57,-1
5,58,-1
5,59,-1
5,60,-1
5,61,-1
5,62,-1
5,63,-1
5,64,-1
5,65,-1
5,66,-1
5,67,-1
5,68,-1
5,69,-1
5,70,-1
5,71,-1
5,72,-1
5,73,-1
5,74,-1
5,75,-1
5,76,-1
5,77,-1
5,78,-1
5,79,-1
5,80,-1
5,81,-1
5,82,-1
5,83,-1
5,84,-1
5,85,-1
5,86,-1
5,87,-1
5,88,-1
5,89,-1
5,90,-1
5,91,-1
5,92,-1
5,93,-1
5,94,-1
5,95,-1
5,96,-1
5,97,-1
5,98,-1
5,99,-1
5,100,-1
5,101,-1
5,102,-1
5,103,-1
5,104,-1
5,105,-1
5,106,-1
5,107,-1
5,108,-1
5,109,-1
5,110,-1
5,111,-1
5,112,-1
5,113,-1
5,114,-1
5,115,-1
5,116,-1
5,117,-1
5,118,-1
5,119,-1
5,120,-1
5,121,-1
5,122,-1
5,123,-1
5,124,-1
5,125,-1
5,126,-1
5,127,-1
5,128,-1
5,129,-1
5,130,-1
5,131,-1
5,132,-1
5,133,-1
5,134,-1
5,135,-1
5,136,-1
5,137,-1
5,138,-1
5,139,-1
5,140,-1
5,141,-1
5,142,-1
5,143,-1
5,144,-1
5,145,-1
5,146,-1
5,147,-1
5,148,-1
5,149,-1
5,150,-1
5,151,-1
5,152,-1
5,153,-1
5,154,-1
5,155,-1
5,156,-1
5,157,-1
5,158,-1
5,159,-1
5,160,-1
5,161,-1
5,162,-1
5,163,-1
5,164,-1
5,165,-1
5,166,-1
5,167,-1
5,168,-1
5,169,-1
5,170,-1
5,171,-1
5,172,-1
5,173,-1
5,174,-1
5,175,-1
5,176,-1
5,177,-1
5,178,-1
5,179,-1
5,180,-1
5,181,-1
5,182,-1
5,183,-1
5,184,-1
5,185,-1
5,186,-1
5,187,-1
5,188,-1
5,189,-1
5,190,-1
5,191,-1
5,192,-1
5,193,-1
5,194,-1
5,195,-1
5,196,-1
5,197,-1
5,198,-1
5,199,-1
5,200,-1
5,201,-1
5,202,-1
5,203,-1
5,204,-1
5,205,-1
5,206,-1
5,207,-1
5,208,-1
5,209,-1
5,210,-1
5,211,-1
5,212,-1
5,213,-1
5,214,-1
5,215,-1
5,216,-1
5,217,-1
5,218,-1
5,219,-1
5,220,-1
5,221,-1
5,222,-1
5,223,-1
5,224,-1
5,225,-1
5,226,-1
5,227,-1
5,228,-1
5,229,-1
5,230,-1
5,231,-1
5,232,-1
5,233,-1
5,234,-1
5,235,-1
5,236,-1
5,237,-1
5,238,-1
5,239,-1
5,240,-1
5,241,-1
5,242,-1
5,243,-1
5,244,-1
5,245,-1
5,246,-1
5,247,-1
5,248,-1
5,249,-1
5,250,-1
5,251,-1
5,252,-1
5,253,-1
5,254,-1
5,255,-1
5,256,40
6,0,-1
6,1,-1
6,2,-1
6,3,-1
6,4,-1
6,5,-1
6,6,-1
6,7,-1
6,8,-1
6,9,-1
6,10,-1
6,11,-1
6,12,-1
6,13,-1
6,14,-1
6,15,-1
6,16,-1
6,17,-1
6,18,-1
6,19,-1
6,20,-1
6,21,-1
6,22,-1
6,23,-1
6,24,-1
6,25,-1
6,26,-1
6,27,-1
6,28,-1
6,29,-1
6,30,-1
6,31,-1
6,32,-1
6,33,-1
6,34,-1
6,35,-1
6,36,-1
6,37,-1
6,38,-1
6,39,-1
6,40,-1
6,41,-1
6,42,-1
6,43,-1
6,44,-1
6,45,-1
6,46,-1
6,47,-1
6,48,-1
6,49,-1
6,50,-1
6,51,-1
6,52,-1
6,53,-1
6,54,-1
6,55,-1
6,56,-1
6,57,-1
6,58,-1
6,59,-1
6,60,-1
6,61,-1
6,62,-1
6,63,-1
6,64,-1
6,65,-1
6,66,-1
6,67,-1
6,68,-1
6,69,-1
6,70,-1
6,71,-1
6,72,-1
6,73,-1
6,74,-1
6,75,-1
6,76,-1
6,77,-1
6,78,-1
6,79,-1
6,80,-1
6,81,-1
6,82,-1
6,83,-1
6,84,-1
6,85,-1
6,86,-1
6,87,-1
6,88,-1
6,89,-1
6,90,-1
6,91,-1
6,92,-1
6,93,-1
6,94,-1
6,95,-1
6,96,-1
6,97,-1
6,98,-1
6,99,-1
6,100,-1
6,101,-1
6,102,-1
6,103,-1
6,104,-1
6,105,-1
6,106,-1
6,107,-1
6,108,-1
6,109,-1
6,110,-1
6,111,-1
6,112,-1
6,113,-1
6,114,-1
6,115,-1
6,116,-1
6,117,-1
6,118,-1
6,119,-1
6,120,-1
6,121,-1
6,122,-1
6,123,-1
6,124,-1
6,125,-1
6,126,-1
6,127,-1
6,128,-1
6,129,-1
6,130,-1
6,131,-1
6,132,-1
6,133,-1
6,134,-1
6,135,-1
6,136,-1
6,137,-1
6,138,-1
6,139,-1
6,140,-1
6,141,-1
6,142,-1
6,143,-1
6,144,-1
6,145,-1
6,146,-1
6,147,-1
6,148,-1
6,149,-1
6,150,-1
6,151,-1
6,152,-1
6,153,-1
6,154,-1
6,155,-1
6,156,-1
6,157,-1
6,158,-1
6,159,-1
6,160,-1
6,161,-1
6,162,-1
6,163,-1
6,164,-1
6,165,-1
6,166,-1
6,167,-1
6,168,-1
6,169,-1
6,170,-1
6,171,-1
6,172,-1
6,173,-1
6,174,-1
6,175,-1
6,176,-1
6,177,-1
6,178,-1
6,179,-1
6,180,-1
6,181,-1
6,182,-1
6,183,-1
6,184,-1
6,185,-1
6,186,-1
6,187,-1
6,188,-1
6,189,-1
6,190,-1
6,191,-1
6,192,-1
6,193,-1
6,194,-1
6,195,-1
6,196,-1
6,197,-1
6,198,-1
6,199,-1
6,200,-1
6,201,-1
6,202,-1
6,203,-1
6,204,-1
6,205,-1
6,206,-1
6,207,-1
6,208,-1
6,209,-1
6,210,-1
6,211,-1
6,212,-1
6,213,-1
6,214,-1
6,215,-1
6,216,-1
6,217,-1
6,218,-1
6,219,-1
6,220,-1
6,221,-1
6,222,-1
6,223,-1
6,224,-1
6,225,-1
6,226,-1
6,227,-1
6,228,-1
6,229,-1
6,230,-1
6,231,-1
6,232,-1
6,233,-1
6,234,-1
6,235,-1
6,236,-1
6,237,-1
6,238,-1
6,239,-1
6,240,-1
6,241,-1
6,242,-1
6,243,-1
6,244,-1
6,245,-1
6,246,-1
6,247,-1
6,248,-1
6,249,-1
6,250,-1
6,251,-1
6,252,-1
6,253,-1
6,254,-1
6,255,-1
6,256,50
7,0,-1
7,1,-1
7,2,-1
7,3,-1
7,4,-1
7,5,-1
7,6,-1
7,7,-1
7,8,-1
7,9,-1
7,10,-1
7,11,-1
7,12,-1
7,13,-1
7,14,-1
7,15,-1
7,16,-1
7,17,-1
7,18,-1
7,19,-1
7,20,-1
7,21,-1
7,22,-1
7,23,-1
7,24,-1
7,25,-1
7,26,-1
7,27,-1
7,28,-1
7,29,-1
7,30,-1
7,31,-1
7,32,-1
7,33,-1
7,34,-1
7,35,-1
7,36,-1
7,37,-1
7,38,-1
7,39,-1
7,40,-1
7,41,-1
7,42,-1
7,43,-1
7,44,-1
7,45,-1
7,46,-1
7,47,-1
7,48,-1
7,49,-1
7,50,-1
7,51,-1
7,52,-1
7,53,-1
7,54,-1
7,55,-1
7,56,-1
7,57,-1
7,58,-1
7,59,-1
7,60,-1
7,61,-1
7,62,-1
7,63,-1
7,64,-1
7,65,-1
7,66,-1
7,67,-1
7,68,-1
7,69,-1
7,70,-1
7,71,-1
7,72,-1
7,73,-1
7,74,-1
7,75,-1
7,76,-1
7,77,-1
7,78,-1
7,79,-1
7,80,-1
7,81,-1
7,82,-1
7,83,-1
7,84,-1
7,85,-1
7,86,-1
7,87,-1
7,88,-1
7,89,-1
7,90,-1
7,91,-1
7,92,-1
7,93,-1
7,94,-1
7,95,-1
7,96,-1
7,97,-1
7,98,-1
7,99,-1
7,100,-1
7,101,-1
7,102,-1
7,103,-1
7,104,-1
7,105,-1
7,106,-1
7,107,-1
7,108,-1
7,109,-1
7,110,-1
7,111,-1
7,112,-1
7,113,-1
7,114,-1
7,115,-1
7,116,-1
7,117,-1
7,118,-1
7,119,-1
7,120,-1
7,121,-1
7,122,-1
7,123,-1
7,124,-1
7,125,-1
7,126,-1
7,127,-1
7,128,-1
7,129,-1
7,130,-1
7,131,-1
7,132,-1
7,133,-1
7,134,-1
7,135,-1
7,136,-1
7,137,-1
7,138,-1
7,139,-1
7,140,-1
7,141,-1
7,142,-1
7,143,-1
7,144,-1
7,145,-1
7,146,-1
7,147,-1
7,148,-1
7,149,-1
7,150,-1
7,151,-1
7,152,-1
7,153,-1
7,154,-1
7,155,-1
7,156,-1
7,157,-1
7,158,-1
7,159,-1
7,160,-1
7,161,-1
7,162,-1
7,163,-1
7,164,-1
7,165,-1
7,166,-1
7,167,-1
7,168,-1
7,169,-1
7,170,-1
7,171,-1
7,172,-1
7,173,-1
7,174,-1
7,175,-1
7,176,-1
7,177,-1
7,178,-1
7,179,-1
7,180,-1
7,181,-1
7,182,-1
7,183,-1
7,184,-1
7,185,-1
7,186,-1
7,187,-1
7,188,-1
7,189,-1
7,190,-1
7,191,-1
7,192,-1
7,193,-1
7,194,-1
7,195,-1
7,196,-1
7,197,-1
7,198,-1
7,199,-1
7,200,-1
7,201,-1
7,202,-1
7,203,-1
7,204,-1
7,205,-1
7,206,-1
7,207,-1
7,208,-1
7,209,-1
7,210,-1
7,211,-1
7,212,-1
7,213,-1
7,214,-1
7,215,-1
7,216,-1
7,217,-1
7,218,-1
7,219,-1
7,220,-1
7,221,-1
7,222,-1
7,223,-1
7,224,-1
7,225,-1
7,226,-1
7,227,-1
7,228,-1
7,229,-1
7,230,-1
7,231,-1
7,232,-1
7,233,-1
7,234,-1
7,235,-1
7,236,-1
7,237,-1
7,238,-1
7,239,-1
7,240,-1
7,241,-1
7,242,-1
7,243,-1
7,244,-1
7,245,-1
7,246,-1
7,247,-1
7,248,-1
7,249,-1
7,250,-1
7,251,-1
7,252,-1
7,253,-1
7,254,-1
7,255,-1
7,256,60
8,0,-1
8,1,-1
8,2,-1
8,3,-1
8,4,-1
8,5,-1
8,6,-1
8,7,-1
8,8,-1
8,9,-1
8,10,-1
8,11,-1
8,12,-1
8,13,-1
8,14,-1
8,15,-1
8,16,-1
8,17,-1
8,18,-1
8,19,-1
8,20,-1
8,21,-1
8,22,-1
8,23,-1
8,24,-1
8,25,-1
8,26,-1
8,27,-1
8,28,-1
8,29,-1
8,30,-1
8,31,-1
8,32,-1
8,33,-1
8,34,-1
8,35,-1
8,36,-1
8,37,-1
8,38,-1
8,39,-1
8,40,-1
8,41,-1
8,42,-1
8,43,-1
8,44,-1
8,45,-1
8,46,-1
8,47,-1
8,48,-1
8,49,-1
8,50,-1
8,51,-1
8,52,-1
8,53,-1
8,54,-1
8,55,-1
8,56,-1
8,57,-1
8,58,-1
8,59,-1
8,60,-1
8,61,-1
8,62,-1
8,63,-1
8,64,-1
8,65,-1
8,66,-1
8,67,-1
8,68,-1
8,69,-1
8,70,-1
8,71,-1
8,72,-1
8,73,-1
8,74,-1
8,75,-1
8,76,-1
8,77,-1
8,78,-1
8,79,-1
8,80,-1
8,81,-1
8,82,-1
8,83,-1
8,84,-1
8,85,-1
8,86,-1
8,87,-1
8,88,-1
8,89,-1
8,90,-1
8,91,-1
8,92,-1
8,93,-1
8,94,-1
8,95,-1
8,96,-1
8,97,-1
8,98,-1
8,99,-1
8,100,-1
8,101,-1
8,102,-1
8,103,-1
8,104,-1
8,105,-1
8,106,-1
8,107,-1
8,108,-1
8,109,-1
8,110,-1
8,111,-1
8,112,-1
8,113,-1
8,114,-1
8,115,-1
8,116,-1
8,117,-1
8,118,-1
8,119,-1
8,120,-1
8,121,-1
8,122,-1
8,123,-1
8,124,-1
8,125,-1
8,126,-1
8,127,-1
8,128,-1
8,129,-1
8,130,-1
8,131,-1
8,132,-1
8,133,-1
8,134,-1
8,135,-1
8,136,-1
8,137,-1
8,138,-1
8,139,-1
8,140,-1
8,141,-1
8,142,-1
8,143,-1
8,144,-1
8,145,-1
8,146,-1
8,147,-1
8,148,-1
8,149,-1
8,150,-1
8,151,-1
8,152,-1
8,153,-1
8,154,-1
8,155,-1
8,156,-1
8,157,-1
8,158,-1
8,159,-1
8,160,-1
8,161,-1
8,162,-1
8,163,-1
8,164,-1
8,165,-1
8,166,-1
8,167,-1
8,168,-1
8,169,-1
8,170,-1
8,171,-1
8,172,-1
8,173,-1
8,174,-1
8,175,-1
8,176,-1
8,177,-1
8,178,-1
8,179,-1
8,180,-1
8,181,-1
8,182,-1
8,183,-1
8,184,-1
8,185,-1
8,186,-1
8,187,-1
8,188,-1
8,189,-1
8,190,-1
8,191,-1
8,192,-1
8,193,-1
8,194,-1
8,195,-1
8,196,-1
8,197,-1
8,198,-1
8,199,-1
8,200,-1
8,201,-1
8,202,-1
8,203,-1
8,204,-1
8,205,-1
8,206,-1
8,207,-1
8,208,-1
8,209,-1
8,210,-1
8,211,-1
8,212,-1
8,213,-1
8,214,-1
8,215,-1
8,216,-1
8,217,-1
8,218,-1
8,219,-1
8,220,-1
8,221,-1
8,222,-1
8,223,-1
8,224,-1
8,225,-1
8,226,-1
8,227,-1
8,228,-1
8,229,-1
8,230,-1
8,231,-1
8,232,-1
8,233,-1
8,234,-1
8,235,-1
8,236,-1
8,237,-1
8,238,-1
8,239,-1
8,240,-1
8,241,-1
8,242,-1
8,243,-1
8,244,-1
8,245,-1
8,246,-1
8,247,-1
8,248,-1
8,249,-1
8,250,-1
8,251,-1
8,252,-1
8,253,-1
8,254,-1
8,255,-1
8,256,70
9,0,-1
9,1,-1
9,2,-1
9,3,-1
9,4,-1
9,5,-1
9,6,-1
9,7,-1
9,8,-1
9,9,-1
9,10,-1
9,11,-1
9,12,-1
9,13,-1
9,14,-1
9,15,-1
9,16,-1
9,17,-1
9,18,-1
9,19,-1
9,20,-1
9,21,-1
9,22,-1
9,23,-1
9,24,-1
9,25,-1
9,26,-1
9,27,-1
9,28,-1
9,29,-1
9,30,-1
9,31,-1
9,32,-1
9,33,-1
9,34,-1
9,35,-1
9,36,-1
9,37,-1
9,38,-1
9,39,-1
9,40,-1
9,41,-1
9,42,-1
9,43,-1
9,44,-1
9,45,-1
9,46,-1
9,47,-1
9,48,-1
9,49,-1
9,50,-1
9,51,-1
9,52,-1
9,53,-1
9,54,-1
9,55,-1
9,56,-1
9,57,-1
9,58,-1
9,59,-1
9,60,-1
9,61,-1
9,62,-1
9,63,-1
9,64,-1
9,65,-1
9,66,-1
9,67,-1
9,68,-1
9,69,-1
9,70,-1
9,71,-1
9,72,-1
9,73,-1
9,74,-1
9,75,-1
9,76,-1
9,77,-1
9,78,-1
9,79,-1
9,80,-1
9,81,-1
9,82,-1
9,83,-1
9,84,-1
9,85,-1
9,86,-1
9,87,-1
9,88,-1
9,89,-1
9,90,-1
9,91,-1
9,92,-1
9,93,-1
9,94,-1
9,95,-1
9,96,-1
9,97,-1
9,98,-1
9,99,-1
9,100,-1
9,101,-1
9,102,-1
9,103,-1
9,104,-1
9,105,-1
9,106,-1
9,107,-1
9,108,-1
9,109,-1
9,110,-1
9,111,-1
9,112,-1
9,113,-1
9,114,-1
9,115,-1
9,116,-1
9,117,-1
9,118,-1
9,119,-1
9,120,-1
9,121,-1
9,122,-1
9,123,-1
9,124,-1
9,125,-1
9,126,-1
9,127,-1
9,128,-1
9,129,-1
9,130,-1
9,131,-1
9,132,-1
9,133,-1
9,134,-1
9,135,-1
9,136,-1
9,137,-1
9,138,-1
9,139,-1
9,140,-1
9,141,-1
9,142,-1
9,143,-1
9,144,-1
9,145,-1
9,146,-1
9,147,-1
9,148,-1
9,149,-1
9,150,-1
9,151,-1
9,152,-1
9,153,-1
9,154,-1
9,155,-1
9,156,-1
9,157,-1
9,158,-1
9,159,-1
9,160,-1
9,161,-1
9,162,-1
9,163,-1
9,164,-1
9,165,-1
9,166,-1
9,167,-1
9,168,-1
9,169,-1
9,170,-1
9,171,-1
9,172,-1
9,173,-1
9,174,-1
9,175,-1
9,176,-1
9,177,-1
9,178,-1
9,179,-1
9,180,-1
9,181,-1
9,182,-1
9,183,-1
9,184,-1
9,185,-1
9,186,-1
9,187,-1
9,188,-1
9,189,-1
9,190,-1
9,191,-1
9,192,-1
9,193,-1
9,194,-1
9,195,-1
9,196,-1
9,197,-1
9,198,-1
9,199,-1
9,200,-1
9,201,-1
9,202,-1
9,203,-1
9,204,-1
9,205,-1
9,206,-1
9,207,-1
9,208,-1
9,209,-1
9,210,-1
9,211,-1
9,212,-1
9,213,-1
9,214,-1
9,215,-1
9,216,-1
9,217,-1
9,218,-1
9,219,-1
9,220,-1
9,221,-1
9,222,-1
9,223,-1
9,224,-1
9,225,-1
9,226,-1
9,227,-1
9,228,-1
9,229,-1
9,230,-1
9,231,-1
9,232,-1
9,233,-1
9,234,-1
9,235,-1
9,236,-1
9,237,-1
9,238,-1
9,239,-1
9,240,-1
9,241,-1
9,242,-1
9,243,-1
9,244,-1
9,245,-1
9,246,-1
9,247,-1
9,248,-1
9,249,-1
9,250,-1
9,251,-1
9,252,-1
9,253,-1
9,254,-1
9,255,-1
9,256,80
10,0,-1
10,1,-1
10,2,-1
10,3,-1
10,4,-1
10,5,-1
10,6,-1
10,7,-1
10,8,-1
10,9,-1
10,10,-1
10,11,-1
10,12,-1
10,13,-1
10,14,-1
10,15,-1
10,16,-1
10,17,-1
10,18,-1
10,19,-1
10,20,-1
10,21,-1
10,22,-1
10,23,-1
10,24,-1
10,25,-1
10,26,-1
10,27,-1
10,28,-1
10,29,-1
10,30,-1
10,31,-1
10,32,-1
10,33,-1
10,34,-1
10,35,-1
10,36,-1
10,37,-1
10,38,-1
10,39,-1
10,40,-1
10,41,-1
10,42,-1
10,43,-1
10,44,-1
10,45,-1
10,46,-1
10,47,-1
10,48,-1
10,49,-1
10,50,-1
10,51,-1
10,52,-1
10,53,-1
10,54,-1
10,55,-1
10,56,-1
10,57,-1
10,58,-1
10,59,-1
10,60,-1
10,61,-1
10,62,-1
10,63,-1
10,64,-1
10,65,-1
10,66,-1
10,67,-1
10,68,-1
10,69,-1
10,70,-1
10,71,-1
10,72,-1
10,73,-1
10,74,-1
10,75,-1
10,76,-1
10,77,-1
10,78,-1
10,79,-1
10,80,-1
10,81,-1
10,82,-1
10,83,-1
10,84,-1
10,85,-1
10,86,-1
10,87,-1
10,88,-1
10,89,-1
10,90,-1
10,91,-1
10,92,-1
10,93,-1
10,94,-1
10,95,-1
10,96,-1
10,97,-1
10,98,-1
10,99,-1
10,100,-1
10,101,-1
10,102,-1
10,103,-1
10,104,-1
10,105,-1
10,106,-1
10,107,-1
10,108,-1
10,109,-1
10,110,-1
10,111,-1
10,112,-1
10,113,-1
10,114,-1
10,115,-1
10,116,-1
10,117,-1
10,118,-1
10,119,-1
10,120,-1
10,121,-1
10,122,-1
10,123,-1
10,124,-1
10,125,-1
10,126,-1
10,127,-1
10,128,-1
10,129,-1
10,130,-1
10,131,-1
10,132,-1
10,133,-1
10,134,-1
10,135,-1
10,136,-1
10,137,-1
10,138,-1
10,139,-1
10,140,-1
10,141,-1
10,142,-1
10,143,-1
10,144,-1
10,145,-1
10,146,-1
10,147,-1
10,148,-1
10,149,-1
10,150,-1
10,151,-1
10,152,-1
10,153,-1
10,154,-1
10,155,-1
10,156,-1
10,157,-1
10,158,-1
10,159,-1
10,160,-1
10,161,-1
10,162,-1
10,163,-1
10,164,-1
10,165,-1
10,166,-1
10,167,-1
10,168,-1
10,169,-1
10,170,-1
10,171,-1
10,172,-1
10,173,-1
10,174,-1
10,175,-1
10,176,-1
10,177,-1
10,178,-1
10,179,-1
10,180,-1
10,181,-1
10,182,-1
10,183,-1
10,184,-1
10,185,-1
10,186,-1
10,187,-1
10,188,-1
10,189,-1
10,190,-1
10,191,-1
10,192,-1
10,193,-1
10,194,-1
10,195,-1
10,196,-1
10,197,-1
10,198,-1
10,199,-1
10,200,-1
10,201,-1
10,202,-1
10,203,-1
10,204,-1
10,205,-1
10,206,-1
10,207,-1
10,208,-1
10,209,-1
10,210,-1
10,211,-1
10,212,-1
10,213,-1
10,214,-1
10,215,-1
10,216,-1
10,217,-1
10,218,-1
10,219,-1
10,220,-1
10,221,-1
10,222,-1
10,223,-1
10,224,-1
10,225,-1
10,226,-1
10,227,-1
10,228,-1
10,229,-1
10,230,-1
10,231,-1
10,232,-1
10,233,-1
10,234,-1
10,235,-1
10,236,-1
10,237,-1
10,238,-1
10,239,-1
10,240,-1
10,241,-1
10,242,-1
10,243,-1
10,244,-1
10,245,-1
10,246,-1
10,247,-1
10,248,-1
10,249,-1
10,250,-1
10,251,-1
10,252,-1
10,253,-1
10,254,-1
10,255,-1
10,256,90
11,0,-1
11,1,-1
11,2,-1
11,3,-1
11,4,-1
11,5,-1
11,6,-1
11,7,-1
11,8,-1
11,9,-1
11,10,-1
11,11,-1
11,12,-1
11,13,-1
11,14,-1
11,15,-1
11,16,-1
11,17,-1
11,18,-1
11,19,-1
11,20,-1
11,21,-1
11,22,-1
11,23,-1
11,24,-1
11,25,-1
11,26,-1
11,27,-1
11,28,-1
11,29,-1
11,30,-1
11,31,-1
11,32,-1
11,33,-1
11,34,-1
11,35,-1
11,36,-1
11,37,-1
11,38,-1
11,39,-1
11,40,-1
11,41,-1
11,42,-1
11,43,-1
11,44,-1
11,45,-1
11,46,-1
11,47,-1
11,48,13
11,49,13
11,50,13
11,51,13
11,52,13
11,53,13
11,54,13
11,55,13
11,56,13
11,57,13
11,58,-1
11,59,-1
11,60,-1
11,61,-1
11,62,-1
11,63,-1
11,64,-1
11,65,12
11,66,12
11,67,12
11,68,12
11,69,12
11,70,12
11,71,12
11,72,12
11,73,12
11,74,12
11,75,12
11,76,12
11,77,12
11,78,12
11,79,12
11,80,12
11,81,12
11,82,12
11,83,12
11,84,12
11,85,12
11,86,12
11,87,12
11,88,12
11,89,12
11,90,12
11,91,-1
11,92,-1
11,93,-1
11,94,-1
11,95,-1
11,96,-1
11,97,11
11,98,11
11,99,11
11,100,11
11,101,11
11,102,11
11,103,11
11,104,11
11,105,11
11,106,11
11,107,11
11,108,11
11,109,11
11,110,11
11,111,11
11,112,11
11,113,11
11,114,11
11,115,11
11,116,11
11,117,11
11,118,11
11,119,11
11,120,11
11,121,11
11,122,11
11,123,-1
11,124,-1
11,125,-1
11,126,-1
11,127,-1
11,128,-1
11,129,-1
11,130,-1
11,131,-1
11,132,-1
11,133,-1
11,134,-1
11,135,-1
11,136,-1
11,137,-1
11,138,-1
11,139,-1
11,140,-1
11,141,-1
11,142,-1
11,143,-1
11,144,-1
11,145,-1
11,146,-1
11,147,-1
11,148,-1
11,149,-1
11,150,-1
11,151,-1
11,152,-1
11,153,-1
11,154,-1
11,155,-1
11,156,-1
11,157,-1
11,158,-1
11,159,-1
11,160,-1
11,161,-1
11,162,-1
11,163,-1
11,164,-1
11,165,-1
11,166,-1
11,167,-1
11,168,-1
11,169,-1
11,170,-1
11,171,-1
11,172,-1
11,173,-1
11,174,-1
11,175,-1
11,176,-1
11,177,-1
11,178,-1
11,179,-1
11,180,-1
11,181,-1
11,182,-1
11,183,-1
11,184,-1
11,185,-1
11,186,-1
11,187,-1
11,188,-1
11,189,-1
11,190,-1
11,191,-1
11,192,-1
11,193,-1
11,194,-1
11,195,-1
11,196,-1
11,197,-1
11,198,-1
11,199,-1
11,200,-1
11,201,-1
11,202,-1
11,203,-1
11,204,-1
11,205,-1
11,206,-1
11,207,-1
11,208,-1
11,209,-1
11,210,-1
11,211,-1
11,212,-1
11,213,-1
11,214,-1
11,215,-1
11,216,-1
11,217,-1
11,218,-1
11,219,-1
11,220,-1
11,221,-1
11,222,-1
11,223,-1
11,224,-1
11,225,-1
11,226,-1
11,227,-1
11,228,-1
11,229,-1
11,230,-1
11,231,-1
11,232,-1
11,233,-1
11,234,-1
11,235,-1
11,236,-1
11,237,-1
11,238,-1
11,239,-1
11,240,-1
11,241,-1
11,242,-1
11,243,-1
11,244,-1
11,245,-1
11,246,-1
11,247,-1
11,248,-1
11,249,-1
11,250,-1
11,251,-1
11,252,-1
11,253,-1
11,254,-1
11,255,-1
11,256,10
12,0,-1
12,1,-1
12,2,-1
12,3,-1
12,4,-1
12,5,-1
12,6,-1
12,7,-1
12,8,-1
12,9,-1
12,10,-1
12,11,-1
12,12,-1
12,13,-1
12,14,-1
12,15,-1
12,16,-1
12,17,-1
12,18,-1
12,19,-1
12,20,-1
12,21,-1
12,22,-1
12,23,-1
12,24,-1
12,25,-1
12,26,-1
12,27,-1
12,28,-1
12,29,-1
12,30,-1
12,31,-1
12,32,-1
12,33,-1
12,34,-1
12,35,-1
12,36,-1
12,37,-1
12,38,-1
12,39,-1
12,40,-1
12,41,-1
12,42,-1
12,43,-1
12,44,-1
12,45,-1
12,46,-1
12,47,-1
12,48,13
12,49,13
12,50,13
12,51,13
12,52,13
12,53,13
12,54,13
12,55,13
12,56,13
12,57,13
12,58,-1
12,59,-1
12,60,-1
12,61,-1
12,62,-1
12,63,-1
12,64,-1
12,65,12
12,66,12
12,67,12
12,68,12
12,69,12
12,70,12
12,71,12
12,72,12
12,73,12
12,74,12
12,75,12
12,76,12
12,77,12
12,78,12
12,79,12
12,80,12
12,81,12
12,82,12
12,83,12
12,84,12
12,85,12
12,86,12
12,87,12
12,88,12
12,89,12
12,90,12
12,91,-1
12,92,-1
12,93,-1
12,94,-1
12,95,-1
12,96,-1
12,97,11
12,98,11
12,99,11
12,100,11
12,101,11
12,102,11
12,103,11
12,104,11
12,105,11
12,106,11
12,107,11
12,108,11
12,109,11
12,110,11
12,111,11
12,112,11
12,113,11
12,114,11
12,115,11
12,116,11
12,117,11
12,118,11
12,119,11
12,120,11
12,121,11
12,122,11
12,123,-1
12,124,-1
12,125,-1
12,126,-1
12,127,-1
12,128,-1
12,129,-1
12,130,-1
12,131,-1
12,132,-1
12,133,-1
12,134,-1
12,135,-1
12,136,-1
12,137,-1
12,138,-1
12,139,-1
12,140,-1
12,141,-1
12,142,-1
12,143,-1
12,144,-1
12,145,-1
12,146,-1
12,147,-1
12,148,-1
12,149,-1
12,150,-1
12,151,-1
12,152,-1
12,153,-1
12,154,-1
12,155,-1
12,156,-1
12,157,-1
12,158,-1
12,159,-1
12,160,-1
12,161,-1
12,162,-1
12,163,-1
12,164,-1
12,165,-1
12,166,-1
12,167,-1
12,168,-1
12,169,-1
12,170,-1
12,171,-1
12,172,-1
12,173,-1
12,174,-1
12,175,-1
12,176,-1
12,177,-1
12,178,-1
12,179,-1
12,180,-1
12,181,-1
12,182,-1
12,183,-1
12,184,-1
12,185,-1
12,186,-1
12,187,-1
12,188,-1
12,189,-1
12,190,-1
12,191,-1
12,192,-1
12,193,-1
12,194,-1
12,195,-1
12,196,-1
12,197,-1
12,198,-1
12,199,-1
12,200,-1
12,201,-1
12,202,-1
12,203,-1
12,204,-1
12,205,-1
12,206,-1
12,207,-1
12,208,-1
12,209,-1
12,210,-1
12,211,-1
12,212,-1
12,213,-1
12,214,-1
12,215,-1
12,216,-1
12,217,-1
12,218,-1
12,219,-1
12,220,-1
12,221,-1
12,222,-1
12,223,-1
12,224,-1
12,225,-1
12,226,-1
12,227,-1
12,228,-1
12,229,-1
12,230,-1
12,231,-1
12,232,-1
12,233,-1
12,234,-1
12,235,-1
12,236,-1
12,237,-1
12,238,-1
12,239,-1
12,240,-1
12,241,-1
12,242,-1
12,243,-1
12,244,-1
12,245,-1
12,246,-1
12,247,-1
12,248,-1
12,249,-1
12,250,-1
12,251,-1
12,252,-1
12,253,-1
12,254,-1
12,255,-1
12,256,10
13,0,-1
13,1,-1
13,2,-1
13,3,-1
13,4,-1
13,5,-1
13,6,-1
13,7,-1
13,8,-1
13,9,-1
13,10,-1
13,11,-1
13,12,-1
13,13,-1
13,14,-1
13,15,-1
13,16,-1
13,17,-1
13,18,-1
13,19,-1
13,20,-1
13,21,-1
13,22,-1
13,23,-1
13,24,-1
13,25,-1
13,26,-1
13,27,-1
13,28,-1
13,29,-1
13,30,-1
13,31,-1
13,32,-1
13,33,-1
13,34,-1
13,35,-1
13,36,-1
13,37,-1
13,38,-1
13,39,-1
13,40,-1
13,41,-1
13,42,-1
13,43,-1
13,44,-1
13,45,-1
13,46,-1
13,47,-1
13,48,13
13,49,13
13,50,13
13,51,13
13,52,13
13,53,13
13,54,13
13,55,13
13,56,13
13,57,13
13,58,-1
13,59,-1
13,60,-1
13,61,-1
13,62,-1
13,63,-1
13,64,-1
13,65,12
13,66,12
13,67,12
13,68,12
13,69,12
13,70,12
13,71,12
13,72,12
13,73,12
13,74,12
13,75,12
13,76,12
13,77,12
13,78,12
13,79,12
13,80,12
13,81,12
13,82,12
13,83,12
13,84,12
13,85,12
13,86,12
13,87,12
13,88,12
13,89,12
13,90,12
13,91,-1
13,92,-1
13,93,-1
13,94,-1
13,95,-1
13,96,-1
13,97,11
13,98,11
13,99,11
13,100,11
13,101,11
13,102,11
13,103,11
13,104,11
13,105,11
13,106,11
13,107,11
13,108,11
13,109,11
13,110,11
13,111,11
13,112,11
13,113,11
13,114,11
13,115,11
13,116,11
13,117,11
13,118,11
13,119,11
13,120,11
13,121,11
13,122,11
13,123,-1
13,124,-1
13,125,-1
13,126,-1
13,127,-1
13,128,-1
13,129,-1
13,130,-1
13,131,-1
13,132,-1
13,133,-1
13,134,-1
13,135,-1
13,136,-1
13,137,-1
13,138,-1
13,139,-1
13,140,-1
13,141,-1
13,142,-1
13,143,-1
13,144,-1
13,145,-1
13,146,-1
13,147,-1
13,148,-1
13,149,-1
13,150,-1
13,151,-1
13,152,-1
13,153,-1
13,154,-1
13,155,-1
13,156,-1
13,157,-1
13,158,-1
13,159,-1
13,160,-1
13,161,-1
13,162,-1
13,163,-1
13,164,-1
13,165,-1
13,166,-1
13,167,-1
13,168,-1
13,169,-1
13,170,-1
13,171,-1
13,172,-1
13,173,-1
13,174,-1
13,175,-1
13,176,-1
13,177,-1
13,178,-1
13,179,-1
13,180,-1
13,181,-1
13,182,-1
13,183,-1
13,184,-1
13,185,-1
13,186,-1
13,187,-1
13,188,-1
13,189,-1
13,190,-1
13,191,-1
13,192,-1
13,193,-1
13,194,-1
13,195,-1
13,196,-1
13,197,-1
13,198,-1
13,199,-1
13,200,-1
13,201,-1
13,202,-1
13,203,-1
13,204,-1
13,205,-1
13,206,-1
13,207,-1
13,208,-1
13,209,-1
13,210,-1
13,211,-1
13,212,-1
13,213,-1
13,214,-1
13,215,-1
13,216,-1
13,217,-1
13,218,-1
13,219,-1
13,220,-1
13,221,-1
13,222,-1
13,223,-1
13,224,-1
13,225,-1
13,226,-1
13,227,-1
13,228,-1
13,229,-1
13,230,-1
13,231,-1
13,232,-1
13,233,-1
13,234,-1
13,235,-1
13,236,-1
13,237,-1
13,238,-1
13,239,-1
13,240,-1
13,241,-1
13,242,-1
13,243,-1
13,244,-1
13,245,-1
13,246,-1
13,247,-1
13,248,-1
13,249,-1
13,250,-1
13,251,-1
13,252,-1
13,253,-1
13,254,-1
13,255,-1
13,256,10
14,0,-1
14,1,-1
14,2,-1
14,3,-1
14,4,-1
14,5,-1
14,6,-1
14,7,-1
14,8,-1
14,9,-1
14,10,-1
14,11,-1
14,12,-1
14,13,-1
14,14,-1
14,15,-1
14,16,-1
14,17,-1
14,18,-1
14,19,-1
14,20,-1
14,21,-1
14,22,-1
14,23,-1
14,24,-1
14,25,-1
14,26,-1
14,27,-1
14,28,-1
14,29,-1
14,30,-1
14,31,-1
14,32,-1
14,33,-1
14,34,-1
14,35,-1
14,36,-1
14,37,-1
14,38,-1
14,39,-1
14,40,-1
14,41,-1
14,42,-1
14,43,-1
14,44,-1
14,45,-1
14,46,-1
14,47,-1
14,48,15
14,49,15
14,50,15
14,51,15
14,52,15
14,53,15
14,54,15
14,55,15
14,56,15
14,57,15
14,58,-1
14,59,-1
14,60,-1
14,61,-1
14,62,-1
14,63,-1
14,64,-1
14,65,-1
14,66,-1
14,67,-1
14,68,-1
14,69,-1
14,70,-1
14,71,-1
14,72,-1
14,73,-1
14,74,-1
14,75,-1
14,76,-1
14,77,-1
14,78,-1
14,79,-1
14,80,-1
14,81,-1
14,82,-1
14,83,-1
14,84,-1
14,85,-1
14,86,-1
14,87,-1
14,88,-1
14,89,-1
14,90,-1
14,91,-1
14,92,-1
14,93,-1
14,94,-1
14,95,-1
14,96,-1
14,97,-1
14,98,-1
14,99,-1
14,100,-1
14,101,-1
14,102,-1
14,103,-1
14,104,-1
14,105,-1
14,106,-1
14,107,-1
14,108,-1
14,109,-1
14,110,-1
14,111,-1
14,112,-1
14,113,-1
14,114,-1
14,115,-1
14,116,-1
14,117,-1
14,118,-1
14,119,-1
14,120,-1
14,121,-1
14,122,-1
14,123,-1
14,124,-1
14,125,-1
14,126,-1
14,127,-1
14,128,-1
14,129,-1
14,130,-1
14,131,-1
14,132,-1
14,133,-1
14,134,-1
14,135,-1
14,136,-1
14,137,-1
14,138,-1
14,139,-1
14,140,-1
14,141,-1
14,142,-1
14,143,-1
14,144,-1
14,145,-1
14,146,-1
14,147,-1
14,148,-1
14,149,-1
14,150,-1
14,151,-1
14,152,-1
14,153,-1
14,154,-1
14,155,-1
14,156,-1
14,157,-1
14,158,-1
14,159,-1
14,160,-1
14,161,-1
14,162,-1
14,163,-1
14,164,-1
14,165,-1
14,166,-1
14,167,-1
14,168,-1
14,169,-1
14,170,-1
14,171,-1
14,172,-1
14,173,-1
14,174,-1
14,175,-1
14,176,-1
14,177,-1
14,178,-1
14,179,-1
14,180,-1
14,181,-1
14,182,-1
14,183,-1
14,184,-1
14,185,-1
14,186,-1
14,187,-1
14,188,-1
14,189,-1
14,190,-1
14,191,-1
14,192,-1
14,193,-1
14,194,-1
14,195,-1
14,196,-1
14,197,-1
14,198,-1
14,199,-1
14,200,-1
14,201,-1
14,202,-1
14,203,-1
14,204,-1
14,205,-1
14,206,-1
14,207,-1
14,208,-1
14,209,-1
14,210,-1
14,211,-1
14,212,-1
14,213,-1
14,214,-1
14,215,-1
14,216,-1
14,217,-1
14,218,-1
14,219,-1
14,220,-1
14,221,-1
14,222,-1
14,223,-1
14,224,-1
14,225,-1
14,226,-1
14,227,-1
14,228,-1
14,229,-1
14,230,-1
14,231,-1
14,232,-1
14,233,-1
14,234,-1
14,235,-1
14,236,-1
14,237,-1
14,238,-1
14,239,-1
14,240,-1
14,241,-1
14,242,-1
14,243,-1
14,244,-1
14,245,-1
14,246,-1
14,247,-1
14,248,-1
14,249,-1
14,250,-1
14,251,-1
14,252,-1
14,253,-1
14,254,-1
14,255,-1
14,256,0
15,0,-1
15,1,-1
15,2,-1
15,3,-1
15,4,-1
15,5,-1
15,6,-1
15,7,-1
15,8,-1
15,9,-1
15,10,-1
15,11,-1
15,12,-1
15,13,-1
15,14,-1
15,15,-1
15,16,-1
15,17,-1
15,18,-1
15,19,-1
15,20,-1
15,21,-1
15,22,-1
15,23,-1
15,24,-1
15,25,-1
15,26,-1
15,27,-1
15,28,-1
15,29,-1
15,30,-1
15,31,-1
15,32,-1
15,33,-1
15,34,-1
15,35,-1
15,36,-1
15,37,-1
15,38,-1
15,39,-1
15,40,-1
15,41,-1
15,42,-1
15,43,-1
15,44,-1
15,45,-1
15,46,-1
15,47,-1
15,48,-1
15,49,-1
15,50,-1
15,51,-1
15,52,-1
15,53,-1
15,54,-1
15,55,-1
15,56,-1
15,57,-1
15,58,-1
15,59,-1
15,60,-1
15,61,-1
15,62,-1
15,63,-1
15,64,-1
15,65,-1
15,66,-1
15,67,-1
15,68,-1
15,69,-1
15,70,-1
15,71,-1
15,72,-1
15,73,-1
15,74,-1
15,75,-1
15,76,-1
15,77,-1
15,78,-1
15,79,-1
15,80,-1
15,81,-1
15,82,-1
15,83,-1
15,84,-1
15,85,-1
15,86,-1
15,87,-1
15,88,-1
15,89,-1
15,90,-1
15,91,-1
15,92,-1
15,93,-1
15,94,-1
15,95,-1
15,96,-1
15,97,-1
15,98,-1
15,99,-1
15,100,-1
15,101,-1
15,102,-1
15,103,-1
15,104,-1
15,105,-1
15,106,-1
15,107,-1
15,108,-1
15,109,-1
15,110,-1
15,111,-1
15,112,-1
15,113,-1
15,114,-1
15,115,-1
15,116,-1
15,117,-1
15,118,-1
15,119,-1
15,120,-1
15,121,-1
15,122,-1
15,123,-1
15,124,-1
15,125,-1
15,126,-1
15,127,-1
15,128,-1
15,129,-1
15,130,-1
15,131,-1
15,132,-1
15,133,-1
15,134,-1
15,135,-1
15,136,-1
15,137,-1
15,138,-1
15,139,-1
15,140,-1
15,141,-1
15,142,-1
15,143,-1
15,144,-1
15,145,-1
15,146,-1
15,147,-1
15,148,-1
15,149,-1
15,150,-1
15,151,-1
15,152,-1
15,153,-1
15,154,-1
15,155,-1
15,156,-1
15,157,-1
15,158,-1
15,159,-1
15,160,-1
15,161,-1
15,162,-1
15,163,-1
15,164,-1
15,165,-1
15,166,-1
15,167,-1
15,168,-1
15,169,-1
15,170,-1
15,171,-1
15,172,-1
15,173,-1
15,174,-1
15,175,-1
15,176,-1
15,177,-1
15,178,-1
15,179,-1
15,180,-1
15,181,-1
15,182,-1
15,183,-1
15,184,-1
15,185,-1
15,186,-1
15,187,-1
15,188,-1
15,189,-1
15,190,-1
15,191,-1
15,192,-1
15,193,-1
15,194,-1
15,195,-1
15,196,-1
15,197,-1
15,198,-1
15,199,-1
15,200,-1
15,201,-1
15,202,-1
15,203,-1
15,204,-1
15,205,-1
15,206,-1
15,207,-1
15,208,-1
15,209,-1
15,210,-1
15,211,-1
15,212,-1
15,213,-1
15,214,-1
15,215,-1
15,216,-1
15,217,-1
15,218,-1
15,219,-1
15,220,-1
15,221,-1
15,222,-1
15,223,-1
15,224,-1
15,225,-1
15,226,-1
15,227,-1
15,228,-1
15,229,-1
15,230,-1
15,231,-1
15,232,-1
15,233,-1
15,234,-1
15,235,-1
15,236,-1
15,237,-1
15,238,-1
15,239,-1
15,240,-1
15,241,-1
15,242,-1
15,243,-1
15,244,-1
15,245,-1
15,246,-1
15,247,-1
15,248,-1
15,249,-1
15,250,-1
15,251,-1
15,252,-1
15,253,-1
15,254,-1
15,255,-1
15,256,20
